16 16 17 204 17 17 102 17 102 36 36 36 36 77 197 197 77 77 197 197 77 77 197 197 77 77 197 197 77 13 352 13 352 13 1056 26 13 1056 26 20 20 20 20 20 10 10 20 10 10 34 34 342 12 34 34 342 12 34 34 342 12 34 34 342 12 34 34 342 12 34 34 342 12 34 34 342 12 34 34 342 12 60 4 4 60 30 4 30 30 4 30 30 4 30 30 4 30 60 4 4 60 60 4 4 60 60 4 4 60 60 4 4 60 4 60 4 60 42 14 42 14 42 42 42 42 42 42 42 42 
9 9 19 48 19 19 24 19 24 24 24 24 24 70 56 56 70 70 56 56 70 70 56 56 70 70 56 56 70 33 32 33 32 33 96 66 33 96 66 12 12 12 12 12 6 6 12 6 6 80 80 54 16 80 80 54 16 80 80 54 16 80 80 54 16 80 80 54 16 80 80 54 16 80 80 54 16 80 80 54 16 36 4 4 36 18 4 18 18 4 18 18 4 18 18 4 18 36 4 4 36 36 4 4 36 36 4 4 36 36 4 4 36 4 36 4 36 42 14 42 14 42 42 42 42 42 42 42 42 
10 10 34 68 34 34 34 34 34 22 22 22 22 67 179 179 67 67 179 179 67 67 179 179 67 67 179 179 67 85 54 85 54 85 162 170 85 162 170 40 40 40 40 40 20 20 40 20 20 75 75 102 32 75 75 102 32 75 75 102 32 75 75 102 32 75 75 102 32 75 75 102 32 75 75 102 32 75 75 102 32 16 12 12 16 8 12 8 8 12 8 8 12 8 8 12 8 16 12 12 16 16 12 12 16 16 12 12 16 16 12 12 16 12 16 12 16 42 14 42 14 42 42 42 42 42 42 42 42 
6 6 20 10 20 20 5 20 5 20 20 20 20 48 11 11 48 48 11 11 48 48 11 11 48 48 11 11 48 56 1 56 1 56 3 112 56 3 112 0 0 0 0 0 0 0 0 0 0 81 81 10 10 81 81 10 10 81 81 10 10 81 81 10 10 81 81 10 10 81 81 10 10 81 81 10 10 81 81 10 10 14 8 8 14 7 8 7 7 8 7 7 8 7 7 8 7 14 8 8 14 14 8 8 14 14 8 8 14 14 8 8 14 8 14 8 14 42 14 42 14 42 42 42 42 42 42 42 42 
3 3 16 2 16 16 1 16 1 4 4 4 4 17 1 1 17 17 1 1 17 17 1 1 17 17 1 1 17 64 0 64 0 64 0 128 64 0 128 2 2 2 2 2 1 1 2 1 1 25 25 0 30 25 25 0 30 25 25 0 30 25 25 0 30 25 25 0 30 25 25 0 30 25 25 0 30 25 25 0 30 2 4 4 2 1 4 1 1 4 1 1 4 1 1 4 1 2 4 4 2 2 4 4 2 2 4 4 2 2 4 4 2 4 2 4 2 0 0 0 0 0 0 0 0 0 0 0 0 
4 4 15 6 15 15 3 15 3 6 6 6 6 15 14 14 15 15 14 14 15 15 14 14 15 15 14 14 15 64 0 64 0 64 0 128 64 0 128 2 2 2 2 2 1 1 2 1 1 25 25 4 28 25 25 4 28 25 25 4 28 25 25 4 28 25 25 4 28 25 25 4 28 25 25 4 28 25 25 4 28 4 4 4 4 2 4 2 2 4 2 2 4 2 2 4 2 4 4 4 4 4 4 4 4 4 4 4 4 4 4 4 4 4 4 4 4 0 0 0 0 0 0 0 0 0 0 0 0 
4 4 15 6 15 15 3 15 3 6 6 6 6 15 14 14 15 15 14 14 15 15 14 14 15 15 14 14 15 64 0 64 0 64 0 128 64 0 128 2 2 2 2 2 1 1 2 1 1 25 25 4 28 25 25 4 28 25 25 4 28 25 25 4 28 25 25 4 28 25 25 4 28 25 25 4 28 25 25 4 28 4 4 4 4 2 4 2 2 4 2 2 4 2 2 4 2 4 4 4 4 4 4 4 4 4 4 4 4 4 4 4 4 4 4 4 4 0 0 0 0 0 0 0 0 0 0 0 0 
4 4 25 0 25 25 0 25 0 12 12 12 12 37 0 0 37 37 0 0 37 37 0 0 37 37 0 0 37 87 0 87 0 87 0 174 87 0 174 0 0 0 0 0 0 0 0 0 0 53 53 0 10 53 53 0 10 53 53 0 10 53 53 0 10 53 53 0 10 53 53 0 10 53 53 0 10 53 53 0 10 0 22 22 0 0 22 0 0 22 0 0 22 0 0 22 0 0 22 22 0 0 22 22 0 0 22 22 0 0 22 22 0 22 0 22 0 24 8 24 8 24 24 24 24 24 24 24 24 
5 5 43 10 43 43 5 43 5 10 10 10 10 31 72 72 31 31 72 72 31 31 72 72 31 31 72 72 31 195 0 195 0 195 0 390 195 0 390 20 20 20 20 20 10 10 20 10 10 58 58 12 46 58 58 12 46 58 58 12 46 58 58 12 46 58 58 12 46 58 58 12 46 58 58 12 46 58 58 12 46 6 22 22 6 3 22 3 3 22 3 3 22 3 3 22 3 6 22 22 6 6 22 22 6 6 22 22 6 6 22 22 6 22 6 22 6 6 2 6 2 6 6 6 6 6 6 6 6 
3 3 16 2 16 16 1 16 1 4 4 4 4 17 1 1 17 17 1 1 17 17 1 1 17 17 1 1 17 64 0 64 0 64 0 128 64 0 128 2 2 2 2 2 1 1 2 1 1 25 25 0 30 25 25 0 30 25 25 0 30 25 25 0 30 25 25 0 30 25 25 0 30 25 25 0 30 25 25 0 30 2 4 4 2 1 4 1 1 4 1 1 4 1 1 4 1 2 4 4 2 2 4 4 2 2 4 4 2 2 4 4 2 4 2 4 2 0 0 0 0 0 0 0 0 0 0 0 0 
1 1 15 0 15 15 0 15 0 0 0 0 0 17 0 0 17 17 0 0 17 17 0 0 17 17 0 0 17 87 0 87 0 87 0 174 87 0 174 0 0 0 0 0 0 0 0 0 0 0 0 0 36 0 0 0 36 0 0 0 36 0 0 0 36 0 0 0 36 0 0 0 36 0 0 0 36 0 0 0 36 0 0 0 0 0 0 0 0 0 0 0 0 0 0 0 0 0 0 0 0 0 0 0 0 0 0 0 0 0 0 0 0 0 0 0 0 0 0 0 0 0 0 0 0 0 0 0 0 
2 2 18 0 18 18 0 18 0 2 2 2 2 27 0 0 27 27 0 0 27 27 0 0 27 27 0 0 27 79 0 79 0 79 0 158 79 0 158 0 0 0 0 0 0 0 0 0 0 10 10 0 36 10 10 0 36 10 10 0 36 10 10 0 36 10 10 0 36 10 10 0 36 10 10 0 36 10 10 0 36 0 8 8 0 0 8 0 0 8 0 0 8 0 0 8 0 0 8 8 0 0 8 8 0 0 8 8 0 0 8 8 0 8 0 8 0 0 0 0 0 0 0 0 0 0 0 0 0 
5 5 40 8 40 40 4 40 4 12 12 12 12 28 65 65 28 28 65 65 28 28 65 65 28 28 65 65 28 178 0 178 0 178 0 356 178 0 356 20 20 20 20 20 10 10 20 10 10 53 53 12 38 53 53 12 38 53 53 12 38 53 53 12 38 53 53 12 38 53 53 12 38 53 53 12 38 53 53 12 38 0 22 22 0 0 22 0 0 22 0 0 22 0 0 22 0 0 22 22 0 0 22 22 0 0 22 22 0 0 22 22 0 22 0 22 0 24 8 24 8 24 24 24 24 24 24 24 24 
2 2 21 0 21 21 0 21 0 2 2 2 2 27 0 0 27 27 0 0 27 27 0 0 27 27 0 0 27 96 0 96 0 96 0 192 96 0 192 0 0 0 0 0 0 0 0 0 0 9 9 0 32 9 9 0 32 9 9 0 32 9 9 0 32 9 9 0 32 9 9 0 32 9 9 0 32 9 9 0 32 0 12 12 0 0 12 0 0 12 0 0 12 0 0 12 0 0 12 12 0 0 12 12 0 0 12 12 0 0 12 12 0 12 0 12 0 0 0 0 0 0 0 0 0 0 0 0 0 
3 3 36 4 36 36 2 36 2 2 2 2 2 32 41 41 32 32 41 41 32 32 41 41 32 32 41 41 32 187 0 187 0 187 0 374 187 0 374 10 10 10 10 10 5 5 10 5 5 9 9 2 60 9 9 2 60 9 9 2 60 9 9 2 60 9 9 2 60 9 9 2 60 9 9 2 60 9 9 2 60 0 12 12 0 0 12 0 0 12 0 0 12 0 0 12 0 0 12 12 0 0 12 12 0 0 12 12 0 0 12 12 0 12 0 12 0 0 0 0 0 0 0 0 0 0 0 0 0 
2 2 21 0 21 21 0 21 0 2 2 2 2 27 0 0 27 27 0 0 27 27 0 0 27 27 0 0 27 96 0 96 0 96 0 192 96 0 192 0 0 0 0 0 0 0 0 0 0 9 9 0 32 9 9 0 32 9 9 0 32 9 9 0 32 9 9 0 32 9 9 0 32 9 9 0 32 9 9 0 32 0 12 12 0 0 12 0 0 12 0 0 12 0 0 12 0 0 12 12 0 0 12 12 0 0 12 12 0 0 12 12 0 12 0 12 0 0 0 0 0 0 0 0 0 0 0 0 0 
6 6 41 24 41 41 12 41 12 6 6 6 6 34 146 146 34 34 146 146 34 34 146 146 34 34 146 146 34 203 9 203 9 203 27 406 203 27 406 20 20 20 20 20 10 10 20 10 10 23 23 20 50 23 23 20 50 23 23 20 50 23 23 20 50 23 23 20 50 23 23 20 50 23 23 20 50 23 23 20 50 2 16 16 2 1 16 1 1 16 1 1 16 1 1 16 1 2 16 16 2 2 16 16 2 2 16 16 2 2 16 16 2 16 2 16 2 0 0 0 0 0 0 0 0 0 0 0 0 
4 4 32 6 32 32 3 32 3 6 6 6 6 56 38 38 56 56 38 38 56 56 38 38 56 56 38 38 56 125 0 125 0 125 0 250 125 0 250 10 10 10 10 10 5 5 10 5 5 32 32 6 36 32 32 6 36 32 32 6 36 32 32 6 36 32 32 6 36 32 32 6 36 32 32 6 36 32 32 6 36 0 16 16 0 0 16 0 0 16 0 0 16 0 0 16 0 0 16 16 0 0 16 16 0 0 16 16 0 0 16 16 0 16 0 16 0 6 2 6 2 6 6 6 6 6 6 6 6 
2 2 24 2 24 24 1 24 1 0 0 0 0 41 14 14 41 41 14 14 41 41 14 14 41 41 14 14 41 116 0 116 0 116 0 232 116 0 232 10 10 10 10 10 5 5 10 5 5 0 0 0 50 0 0 0 50 0 0 0 50 0 0 0 50 0 0 0 50 0 0 0 50 0 0 0 50 0 0 0 50 0 0 0 0 0 0 0 0 0 0 0 0 0 0 0 0 0 0 0 0 0 0 0 0 0 0 0 0 0 0 0 0 0 0 0 0 0 0 0 0 0 0 0 0 0 0 0 0 
4 4 28 10 28 28 5 28 5 2 2 2 2 48 51 51 48 48 51 51 48 48 51 51 48 48 51 51 48 107 2 107 2 107 6 214 107 6 214 16 16 16 16 16 8 8 16 8 8 13 13 4 48 13 13 4 48 13 13 4 48 13 13 4 48 13 13 4 48 13 13 4 48 13 13 4 48 13 13 4 48 0 4 4 0 0 4 0 0 4 0 0 4 0 0 4 0 0 4 4 0 0 4 4 0 0 4 4 0 0 4 4 0 4 0 4 0 0 0 0 0 0 0 0 0 0 0 0 0 
3 3 27 4 27 27 2 27 2 2 2 2 2 60 22 22 60 60 22 22 60 60 22 22 60 60 22 22 60 109 0 109 0 109 0 218 109 0 218 14 14 14 14 14 7 7 14 7 7 16 16 2 48 16 16 2 48 16 16 2 48 16 16 2 48 16 16 2 48 16 16 2 48 16 16 2 48 16 16 2 48 0 2 2 0 0 2 0 0 2 0 0 2 0 0 2 0 0 2 2 0 0 2 2 0 0 2 2 0 0 2 2 0 2 0 2 0 0 0 0 0 0 0 0 0 0 0 0 0 
12 12 23 108 23 23 54 23 54 24 24 24 24 56 156 156 56 56 156 156 56 56 156 156 56 56 156 156 56 40 140 40 140 40 420 80 40 420 80 20 20 20 20 20 10 10 20 10 10 69 69 84 20 69 69 84 20 69 69 84 20 69 69 84 20 69 69 84 20 69 69 84 20 69 69 84 20 69 69 84 20 72 8 8 72 36 8 36 36 8 36 36 8 36 36 8 36 72 8 8 72 72 8 8 72 72 8 8 72 72 8 8 72 8 72 8 72 12 4 12 4 12 12 12 12 12 12 12 12 
2 2 4 0 4 4 0 4 0 2 2 2 2 28 0 0 28 28 0 0 28 28 0 0 28 28 0 0 28 0 0 0 0 0 0 0 0 0 0 0 0 0 0 0 0 0 0 0 0 2 2 0 4 2 2 0 4 2 2 0 4 2 2 0 4 2 2 0 4 2 2 0 4 2 2 0 4 2 2 0 4 0 2 2 0 0 2 0 0 2 0 0 2 0 0 2 0 0 2 2 0 0 2 2 0 0 2 2 0 0 2 2 0 2 0 2 0 0 0 0 0 0 0 0 0 0 0 0 0 
16 16 19 212 19 19 106 19 106 28 28 28 28 81 199 199 81 81 199 199 81 81 199 199 81 81 199 199 81 4 407 4 407 4 1221 8 4 1221 8 50 50 50 50 50 25 25 50 25 25 34 34 224 18 34 34 224 18 34 34 224 18 34 34 224 18 34 34 224 18 34 34 224 18 34 34 224 18 34 34 224 18 78 2 2 78 39 2 39 39 2 39 39 2 39 39 2 39 78 2 2 78 78 2 2 78 78 2 2 78 78 2 2 78 2 78 2 78 12 4 12 4 12 12 12 12 12 12 12 12 
2 2 24 0 24 24 0 24 0 2 2 2 2 34 0 0 34 34 0 0 34 34 0 0 34 34 0 0 34 128 0 128 0 128 0 256 128 0 256 0 0 0 0 0 0 0 0 0 0 8 8 0 16 8 8 0 16 8 8 0 16 8 8 0 16 8 8 0 16 8 8 0 16 8 8 0 16 8 8 0 16 0 16 16 0 0 16 0 0 16 0 0 16 0 0 16 0 0 16 16 0 0 16 16 0 0 16 16 0 0 16 16 0 16 0 16 0 0 0 0 0 0 0 0 0 0 0 0 0 
2 2 24 0 24 24 0 24 0 2 2 2 2 34 0 0 34 34 0 0 34 34 0 0 34 34 0 0 34 128 0 128 0 128 0 256 128 0 256 0 0 0 0 0 0 0 0 0 0 8 8 0 16 8 8 0 16 8 8 0 16 8 8 0 16 8 8 0 16 8 8 0 16 8 8 0 16 8 8 0 16 0 16 16 0 0 16 0 0 16 0 0 16 0 0 16 0 0 16 16 0 0 16 16 0 0 16 16 0 0 16 16 0 16 0 16 0 0 0 0 0 0 0 0 0 0 0 0 0 
2 2 24 0 24 24 0 24 0 2 2 2 2 34 0 0 34 34 0 0 34 34 0 0 34 34 0 0 34 128 0 128 0 128 0 256 128 0 256 0 0 0 0 0 0 0 0 0 0 8 8 0 16 8 8 0 16 8 8 0 16 8 8 0 16 8 8 0 16 8 8 0 16 8 8 0 16 8 8 0 16 0 16 16 0 0 16 0 0 16 0 0 16 0 0 16 0 0 16 16 0 0 16 16 0 0 16 16 0 0 16 16 0 16 0 16 0 0 0 0 0 0 0 0 0 0 0 0 0 
2 2 24 0 24 24 0 24 0 2 2 2 2 34 0 0 34 34 0 0 34 34 0 0 34 34 0 0 34 128 0 128 0 128 0 256 128 0 256 0 0 0 0 0 0 0 0 0 0 8 8 0 16 8 8 0 16 8 8 0 16 8 8 0 16 8 8 0 16 8 8 0 16 8 8 0 16 8 8 0 16 0 16 16 0 0 16 0 0 16 0 0 16 0 0 16 0 0 16 16 0 0 16 16 0 0 16 16 0 0 16 16 0 16 0 16 0 0 0 0 0 0 0 0 0 0 0 0 0 
1 1 11 0 11 11 0 11 0 0 0 0 0 23 0 0 23 23 0 0 23 23 0 0 23 23 0 0 23 43 0 43 0 43 0 86 43 0 86 0 0 0 0 0 0 0 0 0 0 0 0 0 24 0 0 0 24 0 0 0 24 0 0 0 24 0 0 0 24 0 0 0 24 0 0 0 24 0 0 0 24 0 0 0 0 0 0 0 0 0 0 0 0 0 0 0 0 0 0 0 0 0 0 0 0 0 0 0 0 0 0 0 0 0 0 0 0 0 0 0 0 0 0 0 0 0 0 0 0 
5 5 26 12 26 26 6 26 6 8 8 8 8 36 38 38 36 36 38 38 36 36 38 38 36 36 38 38 36 99 2 99 2 99 6 198 99 6 198 8 8 8 8 8 4 4 8 4 4 42 42 10 10 42 42 10 10 42 42 10 10 42 42 10 10 42 42 10 10 42 42 10 10 42 42 10 10 42 42 10 10 4 16 16 4 2 16 2 2 16 2 2 16 2 2 16 2 4 16 16 4 4 16 16 4 4 16 16 4 4 16 16 4 16 4 16 4 6 2 6 2 6 6 6 6 6 6 6 6 
3 3 9 4 9 9 2 9 2 2 2 2 2 60 7 7 60 60 7 7 60 60 7 7 60 60 7 7 60 6 0 6 0 6 0 12 6 0 12 6 6 6 6 6 3 3 6 3 3 5 5 2 12 5 5 2 12 5 5 2 12 5 5 2 12 5 5 2 12 5 5 2 12 5 5 2 12 5 5 2 12 0 0 0 0 0 0 0 0 0 0 0 0 0 0 0 0 0 0 0 0 0 0 0 0 0 0 0 0 0 0 0 0 0 0 0 0 0 0 0 0 0 0 0 0 0 0 0 0 
4 4 23 4 23 23 2 23 2 8 8 8 8 34 11 11 34 34 11 11 34 34 11 11 34 34 11 11 34 99 0 99 0 99 0 198 99 0 198 0 0 0 0 0 0 0 0 0 0 42 42 2 8 42 42 2 8 42 42 2 8 42 42 2 8 42 42 2 8 42 42 2 8 42 42 2 8 42 42 2 8 4 16 16 4 2 16 2 2 16 2 2 16 2 2 16 2 4 16 16 4 4 16 16 4 4 16 16 4 4 16 16 4 16 4 16 4 6 2 6 2 6 6 6 6 6 6 6 6 
3 3 8 4 8 8 2 8 2 2 2 2 2 65 7 7 65 65 7 7 65 65 7 7 65 65 7 7 65 6 0 6 0 6 0 12 6 0 12 4 4 4 4 4 2 2 4 2 2 5 5 2 6 5 5 2 6 5 5 2 6 5 5 2 6 5 5 2 6 5 5 2 6 5 5 2 6 5 5 2 6 0 0 0 0 0 0 0 0 0 0 0 0 0 0 0 0 0 0 0 0 0 0 0 0 0 0 0 0 0 0 0 0 0 0 0 0 0 0 0 0 0 0 0 0 0 0 0 0 
2 2 16 0 16 16 0 16 0 2 2 2 2 30 0 0 30 30 0 0 30 30 0 0 30 30 0 0 30 80 0 80 0 80 0 160 80 0 160 0 0 0 0 0 0 0 0 0 0 12 12 0 24 12 12 0 24 12 12 0 24 12 12 0 24 12 12 0 24 12 12 0 24 12 12 0 24 12 12 0 24 0 4 4 0 0 4 0 0 4 0 0 4 0 0 4 0 0 4 4 0 0 4 4 0 0 4 4 0 0 4 4 0 4 0 4 0 0 0 0 0 0 0 0 0 0 0 0 0 
